4.791802024035417844e+02 3.799374608150470067e+03
5.894172675521818974e+02 3.789973802060009348e+03
1.194231435800126292e+03 3.780572995969547719e+03
3.416849019607842365e+03 3.785273399014778533e+03
2.096983617963313918e+03 3.780572995969547719e+03
5.089740037950663236e+02 2.967403269144648675e+03
6.162316888045537553e+02 2.972103672189879489e+03
1.212107716635041015e+03 2.967403269144648675e+03
2.102942378241618826e+03 2.967403269144648675e+03
3.422807779886147273e+03 2.976804075235109394e+03
5.208915243516759119e+02 2.041423869234214635e+03
6.341079696394684788e+02 2.046124272279445449e+03
1.227004617330802830e+03 2.041423869234214635e+03
2.121336517180416195e+03 2.048610507634034093e+03
3.431745920303604635e+03 2.046124272279445449e+03
5.089740037950663236e+02 1.110744066278549326e+03
6.251698292220111171e+02 1.110744066278549326e+03
1.227004617330802830e+03 1.115444469323780140e+03
2.117839278937381096e+03 1.106043663233318966e+03
3.431745920303604635e+03 1.110744066278549326e+03
4.851389626818466922e+02 1.659630541871929381e+02
5.983554079696392591e+02 1.706634572324232977e+02
1.206148956356736107e+03 1.753638602776541120e+02
2.094004237824161464e+03 1.753638602776541120e+02
3.428766540164452181e+03 1.659630541871929381e+02
